1 10069
2 22982
3 27585
4 28557
5 11402
6 20557
7 11803
8 28529
9 4408
10 3716
11 1499
12 9285
13 20322
14 25330
15 13512
16 14050
17 25433
18 28642
19 1849
20 12920
21 8946
22 17475
23 15989
24 30559
25 7172
26 28597
27 2996
28 28794
29 25416
30 10596
31 25831
32 705
33 25497
34 794
35 17502
36 3340
37 5837
38 6162
39 22757
40 25115
41 26911
42 32100
43 28052
44 8023
45 6009
46 13399
47 27600
48 13619
49 11709
50 26189
51 24044
52 12793
53 25453
54 3689
55 6078
56 17813
57 24626
58 7589
59 18100
60 27546
61 2558
62 15359
63 4652
64 14647
65 27257
66 22349
67 4161
68 22704
69 5247
70 21690
71 10630
72 19873
73 12904
74 19408
75 26776
76 25479
77 20806
78 1451
79 21748
80 32467
81 30527
82 509
83 15778
84 28083
85 3914
86 19428
87 31227
88 30149
89 25430
90 25723
91 21379
92 20463
93 29379
94 7958
95 25705
96 11303
97 14466
98 746
99 1052
100 28840
