41 26911
42 32100
43 28052
44 8023
45 6009
46 13399
47 27600
48 13619
49 11709
50 26189
51 24044
52 12793
53 25453
54 3689
55 6078
56 17813
57 24626
58 7589
59 18100
60 27546
61 2558
62 15359
63 4652
64 14647
65 27257
66 22349
67 4161
68 22704
69 5247
70 21690
71 10630
72 19873
73 12904
74 19408
75 26776
76 25479
77 20806
78 1451
79 21748
80 32467
81 30527
82 509
83 15778
84 28083
85 3914
86 19428
87 31227
88 30149
89 25430
90 25723
91 21379
92 20463
93 29379
94 7958
95 25705
96 11303
97 14466
98 746
99 1052
100 28840
